%YAML:1.0
---
aruco_bc_dict: ALL_DICTS
aruco_bc_nmarkers: 4
aruco_bc_mInfoType: 1
aruco_bc_markers:
   - { id:22, corners:[ [ -9.6000000834465027e-02,
       9.6000000834465027e-02, 0. ], [ 9.6000000834465027e-02,
       9.6000000834465027e-02, 0. ], [ 9.6000000834465027e-02,
       -9.6000000834465027e-02, 0. ], [ -9.6000000834465027e-02,
       -9.6000000834465027e-02, 0. ] ] }
   - { id:23, corners:[ [ -1.6563961505889893e+00,
       3.9708338677883148e-02, -4.8057717503979802e-04 ], [
       -1.4647483825683594e+00, 4.4879533350467682e-02,
       -1.0892171412706375e-02 ], [ -1.4590630531311035e+00,
       -1.4680364727973938e-01, -1.4454775955528021e-03 ], [
       -1.6507108211517334e+00, -1.5197482705116272e-01,
       8.9661162346601486e-03 ] ] }
   - { id:24, corners:[ [ -3.1719255447387695e+00,
       -6.1102837324142456e-02, -2.3330729454755783e-03 ], [
       -2.9804174900054932e+00, -4.7390311956405640e-02,
       -3.1356420367956161e-03 ], [ -2.9671721458435059e+00,
       -2.3471483588218689e-01, -4.3111614882946014e-02 ], [
       -3.1586802005767822e+00, -2.4842736124992371e-01,
       -4.2309045791625977e-02 ] ] }
   - { id:177, corners:[ [ -2.9802556037902832e+00,
       -4.9130544066429138e-02, 9.0766139328479767e-04 ], [
       -2.9680006504058838e+00, -2.3535352945327759e-01,
       -4.4201292097568512e-02 ], [ -3.1596088409423828e+00,
       -2.4722303450107574e-01, -4.7255560755729675e-02 ], [
       -3.1718637943267822e+00, -6.1000049114227295e-02,
       -2.1466109901666641e-03 ] ] }
